2136	6	79	3	18.00
3061	6	79	2	14.90
2449	1	10	2	16.20
1861	3	125	3	14.50
2546	5	34	1	14.60
1334	3	125	2	12.50
2349	6	79	1	19.40
1960	5	34	3	11.20
1342	4	139	3	12.40
2667	2	30	2	17.00
2028	2	30	1	17.50
1261	5	34	2	11.10
1567	2	30	1	16.10
3212	1	10	3	15.60
1592	1	10	1	14.60
2066	1	10	2	16.40
2421	2	30	3	17.60
2820	1	10	2	16.60
2441	2	30	3	15.60
1404	2	30	2	12.20
2806	4	139	2	16.10
2071	6	79	3	15.70
1306	3	125	2	14.40
2373	1	10	1	15.00
1371	6	79	2	17.60
2799	6	79	1	16.30
3100	1	10	3	14.10
2370	6	79	3	11.40
1262	2	30	3	11.40
1641	5	34	3	12.30
2144	6	79	1	18.10
3073	5	34	2	13.40
1318	3	125	2	17.50
2280	5	34	2	19.80
1674	5	34	3	13.10
2692	5	34	2	15.20
3006	4	139	1	12.70
2330	5	34	3	15.70
2687	3	125	2	17.00
1722	5	34	1	15.70
2158	2	30	2	11.90
1726	5	34	3	11.60
1736	4	139	3	14.60
3002	1	10	3	14.00
1745	5	34	2	15.40
1452	6	79	1	14.50
3190	6	79	2	16.80
1746	5	34	1	14.10
2826	6	79	2	16.20
1478	1	10	3	16.70
2566	2	30	2	15.90
2316	4	139	2	16.90
1408	5	34	1	17.90
2737	6	79	2	19.10
2741	3	125	2	18.50
2939	3	125	3	19.20
1257	4	139	2	18.60
3098	4	139	2	18.30
1931	5	34	1	17.80
2386	3	125	1	19.50
2224	1	10	2	11.50
2222	3	125	3	12.30
2163	3	125	2	18.90
1903	4	139	2	18.70
2918	4	139	3	12.80
2418	3	125	2	16.10
1235	2	30	3	14.00
1335	2	30	3	11.00
2745	1	10	2	15.70
1776	4	139	1	13.60
1787	1	10	3	15.20
2462	3	125	3	13.90
3184	1	10	3	15.40
2768	5	34	2	15.80
1455	2	30	2	14.50
1864	4	139	3	18.10
2793	1	10	2	19.50
3163	4	139	2	11.10
1856	3	125	1	13.60
3156	3	125	2	13.90
1369	1	10	3	18.10
2997	1	10	2	17.80
1497	4	139	1	17.70
3072	2	30	3	12.60
2364	4	139	3	14.60
2838	5	34	1	16.00
1973	6	79	1	16.10
2506	2	30	2	18.90
2523	3	125	3	13.60
2530	5	34	2	15.70
2036	5	34	1	19.50
2499	2	30	2	14.90
3066	6	79	3	15.00
1364	4	139	3	13.80
2162	6	79	3	17.30
2460	5	34	3	19.50
1642	1	10	2	12.50
3015	6	79	2	15.50
1295	5	34	3	16.00
2618	1	10	1	13.50
1663	5	34	1	13.10
3045	1	10	1	14.10
1763	4	139	3	17.60
1667	6	79	3	12.90
2287	5	34	2	15.10
3187	5	34	3	16.10
2516	4	139	2	17.50
1298	5	34	3	13.60
1971	2	30	1	16.90
2819	5	34	3	14.50
2120	5	34	1	19.00
1453	2	30	3	16.10
1465	4	139	3	12.60
2500	5	34	1	17.30
1474	4	139	1	13.70
2292	1	10	3	14.00
2094	3	125	2	17.20
2093	4	139	3	13.60
2347	4	139	1	12.10
2632	5	34	2	18.40
1527	2	30	2	13.90
1951	5	34	1	12.20
3137	5	34	3	18.80
3111	6	79	3	17.20
1283	5	34	2	18.50
2614	3	125	3	16.10
1581	2	30	3	19.20
1248	4	139	3	11.90
2206	3	125	3	17.90
1907	2	30	2	14.60
2234	5	34	2	11.40
2778	1	10	3	14.30
1819	5	34	3	14.20
1260	4	139	2	14.30
2239	1	10	2	17.50
3209	1	10	1	14.20
3234	0	0	0	0.00
1952	4	139	1	13.80
3139	4	139	1	14.20
1801	6	79	1	15.60
2356	5	34	3	15.30
3136	1	10	1	18.90
2034	1	10	3	19.00
2065	4	139	2	12.00
3147	6	79	1	19.30
2588	4	139	3	15.50
2752	3	125	3	16.00
2857	1	10	3	14.40
2178	4	139	1	18.20
2031	6	79	1	14.90
2266	4	139	1	16.80
1686	2	30	1	15.10
1500	4	139	3	18.00
2704	3	125	3	11.70
1317	5	34	2	11.90
2960	6	79	2	19.80
2502	4	139	3	14.80
1488	1	10	1	16.00
2175	1	10	1	13.60
3192	4	139	3	13.50
2331	5	34	3	14.20
2645	6	79	2	17.80
2368	5	34	1	12.30
2107	1	10	2	16.50
2482	4	139	2	13.90
1969	6	79	2	14.00
2470	1	10	3	16.60
2340	5	34	3	18.10
1920	2	30	2	19.80
2425	6	79	2	13.80
1619	3	125	1	17.80
1610	5	34	2	14.70
1234	4	139	1	13.40
1246	1	10	1	19.20
2396	2	30	1	12.20
2264	5	34	1	18.90
3047	1	10	2	18.60
1539	1	10	3	17.10
2288	5	34	1	17.10
1923	6	79	1	13.00
1850	2	30	2	11.90
1463	4	139	2	13.10
1845	5	34	1	13.20
2021	4	139	3	14.20
2140	4	139	3	15.70
1909	1	10	2	12.80
1420	4	139	3	12.50
1473	5	34	3	16.10
2009	1	10	3	16.00
2427	6	79	2	13.70
2882	6	79	3	19.60
2429	2	30	3	17.60
1578	1	10	3	15.60
2626	6	79	3	13.20
2339	3	125	2	11.30
1568	4	139	3	14.50
1338	6	79	1	19.70
2295	6	79	2	16.70
2581	2	30	3	16.70
1939	1	10	3	13.50
1662	1	10	1	12.50
2852	6	79	3	19.00
1888	3	125	1	11.90
2972	3	125	2	19.60
2141	4	139	2	16.10
2984	2	30	2	18.80
1555	3	125	2	13.00
1906	4	139	3	15.40
2605	3	125	1	12.10
2590	6	79	2	17.40
2360	4	139	1	14.20
1815	1	10	3	13.10
2200	6	79	3	13.80
2837	2	30	2	16.70
2709	2	30	1	13.60
2784	1	10	1	16.40
1719	4	139	3	19.40
3089	1	10	3	19.20
2957	5	34	3	19.50
1529	2	30	1	13.40
2565	2	30	3	15.40
2323	6	79	3	14.80
2005	2	30	2	13.20
2114	2	30	3	11.50
2007	4	139	2	15.50
1798	4	139	1	18.50
1374	3	125	3	15.40
2587	2	30	1	19.00
1330	6	79	2	13.90
1448	2	30	3	16.10
2832	1	10	3	11.70
1627	2	30	2	15.30
2057	2	30	3	19.70
1927	6	79	1	17.50
2777	4	139	1	12.90
2989	6	79	1	11.40
3200	4	139	1	19.90
1584	3	125	3	12.90
2988	4	139	1	13.80
1783	1	10	2	16.40
2767	2	30	1	13.50
2420	2	30	2	11.70
2283	1	10	3	13.80
2847	2	30	3	17.80
3175	6	79	3	15.20
2848	4	139	2	16.50
1645	3	125	1	15.20
2281	4	139	2	19.30
3227	3	125	3	16.50
3107	1	10	2	18.20
1484	2	30	2	16.40
2149	4	139	3	16.70
2859	2	30	3	15.60
2627	6	79	3	15.90
2278	3	125	3	16.10
1748	6	79	2	19.70
3214	1	10	2	11.10
2739	1	10	3	18.30
1679	4	139	2	12.10
2696	6	79	1	15.40
1729	4	139	3	16.20
1681	4	139	1	13.10
2456	6	79	1	20.00
1247	2	30	1	16.10
2248	3	125	1	11.00
1876	3	125	2	14.30
2501	1	10	3	13.80
2673	4	139	1	11.60
1703	6	79	3	16.80
1874	2	30	3	19.80
1278	6	79	2	19.70
2954	6	79	1	19.10
2301	4	139	1	13.60
1711	3	125	2	19.30
2201	3	125	3	18.20
1513	4	139	2	18.80
2851	2	30	1	19.50
1707	1	10	3	14.70
2843	3	125	2	19.50
2996	5	34	2	12.50
2510	1	10	3	18.10
3168	4	139	2	19.50
1508	1	10	1	16.80
3220	1	10	2	11.70
2816	6	79	2	18.40
2808	3	125	2	19.00
2807	2	30	1	19.30
2252	4	139	1	16.70
2401	5	34	2	11.50
2029	4	139	1	16.50
2116	2	30	2	13.20
1451	5	34	1	17.00
1309	2	30	3	16.50
2728	3	125	2	14.10
2079	2	30	1	16.10
1878	2	30	3	14.00
2487	3	125	3	16.30
3169	4	139	1	17.90
1937	3	125	3	12.10
1930	4	139	1	16.90
1435	2	30	2	17.70
1858	1	10	3	14.50
2754	2	30	2	13.00
1761	2	30	2	14.40
2595	6	79	3	16.30
2611	1	10	3	19.60
2904	6	79	3	12.50
1251	2	30	2	17.20
2622	6	79	1	17.80
1274	2	30	1	17.70
3207	2	30	3	19.80
1365	1	10	3	18.50
2921	1	10	3	13.50
2371	2	30	2	12.10
2334	5	34	2	15.70
2486	3	125	1	13.20
3101	2	30	1	18.70
2081	1	10	1	16.50
2399	6	79	1	13.00
2082	5	34	3	17.00
2967	2	30	3	19.40
2253	5	34	1	15.00
2712	5	34	3	19.30
2109	2	30	1	17.00
1869	5	34	1	14.30
2182	5	34	2	11.60
2543	6	79	3	17.90
2827	1	10	3	18.30
2290	3	125	2	17.30
1871	2	30	3	16.80
1279	1	10	1	11.20
2702	3	125	2	15.30
2865	1	10	2	11.20
2415	3	125	2	11.10
2601	2	30	1	11.40
2088	1	10	2	12.70
2528	2	30	2	18.70
2861	4	139	2	14.10
3148	2	30	2	15.90
1868	6	79	3	18.30
2503	3	125	3	13.20
2488	1	10	2	12.10
1734	1	10	1	12.70
2455	1	10	2	15.20
2326	1	10	3	14.70
1611	3	125	1	13.30
2390	1	10	3	11.90
3135	3	125	2	15.90
1989	5	34	1	14.80
1583	1	10	2	13.90
2143	1	10	2	18.90
2381	2	30	1	13.70
1586	3	125	1	15.20
2484	1	10	1	13.40
1812	2	30	3	18.30
2091	2	30	1	17.10
3000	5	34	1	12.90
2950	3	125	2	19.20
3202	1	10	1	18.50
2019	2	30	2	18.40
2243	3	125	3	18.80
1742	4	139	1	14.60
1593	6	79	1	14.50
2640	6	79	2	15.40
1441	1	10	3	14.50
2683	1	10	2	15.50
2715	4	139	1	15.60
2169	6	79	1	13.70
1690	3	125	1	12.90
2933	2	30	3	16.10
2535	4	139	2	19.20
3178	1	10	2	14.10
2095	2	30	1	15.20
1477	2	30	3	19.20
2554	5	34	3	16.00
1706	2	30	2	18.80
1643	4	139	1	18.50
2864	2	30	3	16.00
2760	3	125	3	13.70
3055	3	125	2	14.60
2901	2	30	1	11.90
2333	4	139	2	18.20
2920	5	34	1	19.30
2320	2	30	2	13.10
2795	5	34	2	15.10
2976	5	34	1	12.30
2398	1	10	1	11.80
2161	5	34	2	19.00
1353	1	10	3	12.90
2731	1	10	2	11.10
1288	2	30	1	16.80
1277	5	34	3	18.10
1968	3	125	2	13.60
1417	3	125	1	16.40
2129	3	125	2	12.00
2002	5	34	3	18.60
2195	2	30	1	18.50
2246	3	125	3	15.90
1542	1	10	2	15.00
2105	3	125	3	13.80
2604	6	79	3	14.30
2711	4	139	3	14.60
1835	2	30	1	14.30
3104	4	139	1	14.20
2538	1	10	3	18.30
2744	4	139	2	14.30
1834	1	10	1	12.50
1362	3	125	1	17.50
1409	6	79	1	20.00
2327	6	79	3	15.90
3109	2	30	3	13.30
1427	2	30	2	18.50
1832	2	30	3	17.30
3146	1	10	2	18.40
2761	5	34	1	12.30
2232	2	30	3	15.10
1994	1	10	2	16.00
1659	1	10	1	12.40
2308	4	139	1	15.90
2150	1	10	2	16.90
1759	3	125	1	18.70
1770	5	34	3	18.30
3021	5	34	2	14.20
2377	6	79	2	15.40
1658	3	125	3	19.80
2953	2	30	3	16.20
1934	2	30	3	19.90
2905	4	139	3	18.40
1933	2	30	2	16.80
1439	2	30	1	12.20
2226	5	34	3	16.40
1507	2	30	3	15.10
2016	4	139	2	16.60
1442	2	30	1	12.80
1331	4	139	3	17.50
1244	1	10	3	13.00
1543	5	34	3	12.80
2154	5	34	3	14.90
1354	2	30	2	19.90
2198	4	139	3	13.20
2212	2	30	1	17.10
2734	5	34	3	16.80
2893	4	139	3	13.50
1552	4	139	2	15.30
1796	6	79	2	15.50
1842	3	125	1	14.90
1802	5	34	1	16.90
2068	2	30	3	12.40
2211	1	10	2	16.50
2173	1	10	3	12.60
1559	3	125	2	12.60
2342	5	34	3	14.50
2544	6	79	3	18.10
1725	5	34	2	12.30
2720	3	125	3	18.10
2507	2	30	1	12.10
1602	4	139	1	18.80
1492	5	34	3	15.80
3217	3	125	2	19.70
2664	3	125	2	17.60
1519	6	79	1	19.40
1394	6	79	3	19.00
1285	4	139	2	19.00
3085	2	30	1	17.60
1817	3	125	1	14.40
2138	1	10	1	14.00
3121	3	125	1	17.90
2943	6	79	1	14.50
2675	4	139	3	11.40
2132	1	10	1	19.70
1887	6	79	1	12.10
3145	5	34	1	18.00
2442	2	30	3	17.70
2313	6	79	3	13.70
2103	2	30	3	11.30
1859	2	30	2	13.40
1585	4	139	1	11.30
1851	2	30	3	13.00
2691	3	125	1	16.50
1314	1	10	2	16.60
1482	4	139	3	11.80
2980	2	30	3	18.80
1333	1	10	3	20.00
2875	1	10	1	14.90
2923	2	30	2	17.60
2600	6	79	2	11.70
2924	1	10	3	11.90
2229	6	79	3	15.70
2063	1	10	2	18.20
1941	5	34	1	13.70
1471	3	125	3	16.10
2935	1	10	2	13.20
1470	5	34	1	13.90
1755	3	125	2	12.20
1910	3	125	2	18.00
2730	3	125	3	15.10
2205	2	30	3	13.00
2791	4	139	2	17.30
3082	5	34	3	13.50
2004	1	10	1	19.10
3022	6	79	3	11.30
2357	1	10	1	18.80
2548	5	34	2	18.10
1596	1	10	3	15.00
1947	2	30	3	19.40
1305	1	10	2	11.80
1810	2	30	3	16.70
3094	4	139	3	15.10
1772	5	34	3	18.30
2735	5	34	3	18.40
2400	1	10	2	19.60
1327	2	30	3	12.30
1339	3	125	3	12.00
2559	2	30	2	15.60
3219	6	79	1	11.30
1733	3	125	2	11.40
1275	5	34	1	14.00
2526	2	30	2	14.60
2729	1	10	2	14.00
1467	3	125	3	13.30
2631	3	125	3	19.50
1515	1	10	3	13.90
2183	6	79	3	18.90
3025	2	30	2	18.00
2146	6	79	2	15.10
1299	4	139	2	16.00
2191	4	139	3	12.80
3201	6	79	1	14.60
1570	4	139	3	16.90
1336	3	125	2	20.00
1526	3	125	2	11.70
2983	4	139	3	17.90
2104	6	79	2	14.90
2698	3	125	1	16.70
2223	1	10	2	18.30
2899	6	79	3	16.40
3009	3	125	2	12.30
2397	6	79	2	17.00
3032	2	30	3	12.10
2609	1	10	1	16.20
3010	1	10	2	16.90
3213	6	79	3	17.80
1847	5	34	2	13.10
1768	6	79	3	12.40
2773	5	34	3	19.50
1545	6	79	2	17.40
2352	6	79	2	11.10
1267	3	125	1	17.40
2101	5	34	1	12.50
3026	1	10	1	19.30
2448	5	34	1	12.30
3194	4	139	1	17.50
1271	3	125	3	15.70
2279	4	139	2	19.40
2585	6	79	1	17.90
2891	2	30	3	14.80
3099	1	10	2	13.60
2505	4	139	1	12.00
2189	2	30	2	19.50
2453	4	139	1	12.00
2804	4	139	1	16.00
1560	2	30	2	12.80
2700	3	125	1	15.30
3203	3	125	1	18.60
1615	4	139	2	13.80
1665	1	10	1	17.40
1747	4	139	3	13.60
1914	1	10	1	19.90
2971	1	10	2	13.40
3183	5	34	3	17.40
1401	2	30	2	19.00
2259	6	79	1	18.00
1606	6	79	1	13.80
1833	4	139	3	17.20
1398	3	125	3	17.20
2722	6	79	3	14.50
2273	1	10	2	18.30
3132	6	79	1	14.50
1738	3	125	3	16.70
2663	5	34	1	19.70
3071	1	10	1	14.30
3065	5	34	1	19.30
2539	6	79	3	18.80
1986	4	139	1	11.60
2341	1	10	3	16.00
2845	2	30	1	14.50
2293	5	34	3	11.90
2176	6	79	1	18.50
1995	5	34	1	12.40
2841	4	139	3	14.90
1957	1	10	2	19.40
1594	1	10	3	13.60
1400	3	125	1	16.80
1919	6	79	3	13.30
3090	2	30	1	14.80
1669	6	79	1	17.00
1450	1	10	1	11.60
3129	4	139	2	14.70
2706	4	139	3	15.70
1807	2	30	2	18.50
1743	5	34	3	19.40
3171	1	10	2	16.30
1496	5	34	2	18.90
1885	5	34	2	11.40
2078	3	125	1	12.50
2564	3	125	1	16.20
1328	3	125	1	16.20
2974	5	34	1	19.80
2584	6	79	2	12.00
2338	6	79	1	14.50
1254	1	10	1	16.50
2491	3	125	2	14.20
1965	1	10	2	18.60
1485	2	30	3	13.20
1315	5	34	2	15.40
1411	3	125	2	12.40
2303	6	79	1	16.50
1967	1	10	3	11.20
2047	4	139	2	18.10
3013	3	125	1	14.60
2684	2	30	2	12.80
3014	6	79	1	12.90
3161	4	139	3	17.00
2300	5	34	2	15.70
3016	1	10	2	19.00
1282	1	10	1	18.60
1346	2	30	3	19.20
2271	6	79	1	15.30
1666	5	34	2	14.20
2986	6	79	1	13.90
3070	2	30	2	11.30
1332	6	79	3	11.70
1966	4	139	2	14.90
1572	3	125	3	14.50
2434	4	139	3	15.80
1426	2	30	1	15.90
1998	5	34	3	11.00
3075	6	79	2	18.30
1540	2	30	2	17.90
1873	3	125	2	18.90
3218	5	34	2	15.80
2775	2	30	1	19.50
1784	3	125	2	14.40
1948	6	79	2	14.30
2909	1	10	3	16.70
1605	6	79	1	16.10
3027	5	34	3	16.70
1693	1	10	2	15.80
2651	1	10	2	14.30
2270	1	10	1	14.10
1678	3	125	1	17.30
1287	4	139	3	17.40
3222	5	34	1	14.00
2006	1	10	3	17.20
2053	1	10	2	18.40
1625	6	79	2	18.30
2407	1	10	3	13.80
2527	1	10	3	15.00
2748	4	139	2	17.10
2948	4	139	2	18.90
1753	4	139	1	11.60
2436	2	30	2	12.20
2294	3	125	2	16.90
2013	1	10	2	18.20
1656	1	10	3	11.10
1290	5	34	1	12.00
1361	4	139	2	19.20
2080	5	34	2	13.10
2872	5	34	1	18.60
2890	3	125	2	12.60
2227	1	10	1	18.20
1297	1	10	3	12.50
3067	4	139	3	18.40
2869	2	30	2	14.30
2927	1	10	3	14.00
2519	5	34	3	14.20
2214	1	10	3	14.40
1751	3	125	3	11.70
2844	6	79	3	14.50
2054	3	125	3	16.20
1685	2	30	3	14.00
2638	5	34	1	17.30
1397	6	79	1	15.80
3118	5	34	1	11.00
1616	4	139	2	17.60
1341	5	34	1	16.90
3031	2	30	2	16.80
2555	4	139	3	13.80
2459	6	79	1	14.60
2058	2	30	3	16.60
1880	1	10	1	18.20
2187	3	125	1	16.50
2701	5	34	3	17.90
2750	1	10	1	11.60
1814	6	79	1	16.90
1715	6	79	3	11.30
2902	5	34	3	16.30
2697	6	79	2	19.10
3011	1	10	3	12.60
2771	2	30	3	16.40
2336	3	125	3	15.30
3007	5	34	1	11.40
3005	6	79	1	15.40
3182	6	79	3	18.40
1899	4	139	3	12.50
3232	2	30	2	14.50
1982	2	30	1	14.50
2100	3	125	2	11.70
2099	4	139	2	14.90
2483	1	10	1	15.50
3166	5	34	2	14.60
2490	2	30	1	19.40
1838	6	79	3	14.20
2830	1	10	3	12.80
2210	2	30	3	17.70
3097	6	79	1	12.90
1799	5	34	1	14.00
2608	1	10	3	16.00
2763	2	30	3	19.30
1284	4	139	2	14.50
3053	4	139	1	15.40
1646	6	79	1	19.20
2758	5	34	2	12.50
1676	3	125	1	11.90
2649	4	139	3	16.40
2705	5	34	3	19.20
3062	3	125	1	18.80
3128	3	125	1	12.40
1349	5	34	3	17.30
1252	3	125	2	13.70
2125	5	34	2	19.10
3023	5	34	2	11.30
1402	3	125	2	16.20
2118	4	139	1	17.00
2359	1	10	1	11.60
1457	6	79	3	16.60
2165	2	30	2	19.50
1395	1	10	3	17.70
2975	1	10	1	11.30
1493	5	34	2	12.00
1503	6	79	3	19.90
2955	3	125	1	14.10
2937	6	79	2	17.30
2077	4	139	3	13.30
2910	1	10	3	17.70
2411	2	30	3	13.30
2908	1	10	2	11.20
1548	5	34	3	11.30
1554	1	10	3	19.80
1382	3	125	2	19.50
2064	1	10	2	12.70
3172	6	79	3	16.00
1631	2	30	3	15.60
1987	4	139	2	14.30
2217	1	10	3	13.30
1863	6	79	2	17.50
2724	3	125	3	15.20
2494	3	125	2	18.90
2769	3	125	3	15.80
2237	3	125	2	18.40
2746	3	125	2	17.40
1836	5	34	1	12.80
3113	4	139	3	19.20
2740	4	139	1	18.10
1698	2	30	3	12.90
1721	1	10	2	11.70
1750	1	10	3	15.60
1760	5	34	3	18.90
2547	2	30	2	15.50
3140	2	30	2	18.70
2563	3	125	3	13.20
1793	2	30	1	11.80
2139	5	34	2	12.70
3008	3	125	3	11.90
1286	6	79	2	18.30
3004	2	30	1	15.80
3001	3	125	3	15.30
1461	4	139	3	15.10
2979	3	125	3	19.20
1292	5	34	1	13.10
2384	4	139	2	17.10
2636	2	30	3	17.20
2930	2	30	3	13.70
2884	4	139	2	13.50
2642	1	10	2	16.10
2202	5	34	1	14.10
3087	6	79	2	13.20
2662	5	34	1	17.70
1609	1	10	2	11.60
2794	4	139	1	19.90
1855	1	10	1	11.50
1639	5	34	2	19.20
1692	5	34	2	15.90
2716	1	10	2	12.80
1649	2	30	2	11.70
3119	5	34	2	18.40
2749	6	79	2	12.70
1340	6	79	3	15.00
2193	1	10	1	19.40
1430	5	34	3	15.80
2385	2	30	3	17.30
3153	5	34	3	18.50
3020	3	125	2	13.80
2238	4	139	1	14.60
1731	4	139	1	12.70
2812	6	79	3	11.90
1456	2	30	2	11.10
1265	4	139	2	11.40
1820	2	30	2	17.00
2624	3	125	2	16.60
1462	4	139	2	17.80
2959	2	30	2	13.50
1716	5	34	3	13.20
3081	1	10	3	19.10
1935	4	139	1	19.70
2218	5	34	3	16.10
1389	3	125	1	14.50
2476	5	34	2	18.40
2982	6	79	2	13.20
1852	4	139	3	11.70
2958	6	79	2	11.60
1460	5	34	2	19.60
2596	2	30	2	14.30
1316	6	79	1	12.10
2839	5	34	2	19.20
3144	5	34	3	14.40
3108	3	125	2	19.70
2648	6	79	3	12.00
2949	2	30	1	14.10
1571	4	139	2	13.40
2387	2	30	2	14.40
1517	2	30	1	19.90
2881	4	139	1	17.80
1558	5	34	1	13.50
2936	1	10	1	12.30
2083	5	34	1	13.10
1897	1	10	1	14.20
2343	6	79	3	14.60
3080	6	79	3	15.70
3046	3	125	1	19.60
2978	2	30	2	15.10
2392	4	139	3	15.30
2772	5	34	1	18.20
2579	5	34	2	14.70
3174	3	125	3	15.70
1416	1	10	1	12.90
1423	5	34	2	15.60
1256	2	30	3	17.60
1434	4	139	2	14.10
1894	2	30	2	18.50
2641	4	139	3	17.40
2355	5	34	3	18.90
3223	1	10	2	18.70
3173	5	34	3	13.40
2363	3	125	3	12.90
2177	6	79	2	17.40
2090	2	30	1	11.30
2858	5	34	1	17.60
2762	6	79	1	14.30
3084	2	30	2	16.50
1413	6	79	1	16.90
1386	4	139	2	15.40
1368	6	79	3	12.40
1632	5	34	3	13.70
2630	2	30	2	16.80
1391	5	34	3	13.60
2024	1	10	1	11.90
2477	3	125	3	15.20
2171	2	30	1	15.70
2541	6	79	1	18.40
2800	5	34	1	19.50
3185	1	10	3	18.80
2522	4	139	1	19.40
1644	4	139	1	18.10
2168	6	79	2	19.40
2092	1	10	1	11.30
2110	4	139	3	19.70
3191	3	125	2	11.40
1241	2	30	1	15.10
1765	3	125	2	17.90
2062	2	30	1	13.50
1352	2	30	1	13.50
1766	6	79	3	14.30
2086	1	10	2	13.20
2518	1	10	3	19.10
3138	1	10	3	12.70
1893	6	79	2	14.80
1547	6	79	3	19.70
1524	6	79	2	13.40
2513	4	139	3	12.90
2353	3	125	1	11.30
1958	3	125	2	11.10
3024	3	125	3	13.70
2903	3	125	1	15.80
1418	3	125	1	13.60
1528	6	79	1	11.90
1273	4	139	2	18.00
2915	2	30	2	17.00
1264	3	125	2	16.80
1985	5	34	3	19.60
1464	2	30	2	18.30
1276	4	139	3	17.70
2319	4	139	1	12.30
2789	5	34	2	11.20
1621	5	34	1	18.80
2128	6	79	1	12.10
2553	5	34	1	12.80
2977	1	10	3	19.10
2551	5	34	2	17.40
2969	6	79	3	13.60
2032	3	125	3	14.70
2123	6	79	1	16.10
3127	4	139	2	18.30
1569	4	139	2	19.60
2051	1	10	3	12.10
1620	2	30	1	15.00
1518	5	34	1	19.80
1425	6	79	2	16.10
1514	6	79	2	11.50
1922	3	125	1	16.30
3048	4	139	3	17.20
1789	5	34	2	14.10
2412	5	34	3	12.70
2256	5	34	1	13.00
1253	6	79	2	15.20
1576	6	79	3	15.80
1320	3	125	2	16.80
2643	3	125	1	19.80
1388	2	30	2	18.90
1574	3	125	1	17.20
3226	6	79	2	18.20
2166	4	139	2	16.50
1530	3	125	1	12.50
1498	5	34	3	13.90
2475	1	10	1	11.70
1881	5	34	1	18.80
1447	3	125	2	12.60
2350	4	139	1	14.80
1289	3	125	2	18.80
2298	3	125	1	16.40
2557	1	10	1	13.70
1531	5	34	2	17.30
2686	6	79	3	15.00
3096	5	34	1	14.00
2592	4	139	3	17.30
1355	4	139	3	17.40
1532	6	79	3	16.50
1978	2	30	1	18.50
1268	2	30	3	12.30
2907	6	79	3	18.90
1357	3	125	3	13.50
1538	1	10	1	16.40
3003	4	139	1	14.60
1728	4	139	1	16.50
2681	4	139	3	11.60
1915	5	34	1	16.70
3197	6	79	1	18.00
2452	1	10	3	17.60
2790	2	30	3	15.40
1988	1	10	2	17.80
1975	2	30	3	13.20
1800	1	10	2	14.90
2304	3	125	3	13.70
2599	2	30	3	17.90
1263	3	125	2	15.30
1999	4	139	1	19.00
1959	2	30	3	11.70
2556	5	34	3	11.30
1950	6	79	2	13.40
2003	2	30	1	17.70
2542	1	10	3	15.70
1813	3	125	3	12.60
1392	5	34	2	20.00
2115	2	30	1	15.50
3068	4	139	2	12.40
1822	5	34	3	18.50
2414	4	139	2	16.30
1735	4	139	1	14.80
2213	2	30	1	14.30
1908	5	34	3	17.70
2423	4	139	1	17.00
2447	4	139	1	11.30
2240	5	34	1	19.10
3170	4	139	2	11.30
3231	6	79	3	11.10
2344	2	30	3	12.30
1647	4	139	2	16.10
1280	6	79	1	11.00
1468	6	79	3	18.10
3116	1	10	2	18.50
1829	2	30	1	12.70
2900	4	139	1	12.90
2297	1	10	1	14.60
2676	4	139	3	14.70
1432	1	10	1	18.20
1638	1	10	2	19.60
2570	3	125	1	14.00
2479	3	125	1	14.90
2970	5	34	2	12.50
2619	4	139	1	19.60
1963	3	125	2	12.50
2623	6	79	1	18.40
2275	6	79	2	11.80
2836	6	79	2	12.40
2536	6	79	3	12.30
2050	2	30	2	14.70
2809	2	30	3	13.10
1818	3	125	3	18.00
1634	3	125	2	13.50
2508	2	30	2	15.80
1590	5	34	2	12.50
1709	2	30	1	19.00
2472	2	30	3	15.90
2707	5	34	1	13.00
1672	4	139	1	17.80
2142	3	125	2	12.70
1704	5	34	2	13.70
3034	4	139	1	14.00
2055	5	34	1	11.60
1259	5	34	1	13.70
1741	6	79	2	16.50
2405	2	30	3	11.50
2514	6	79	3	12.10
3120	3	125	1	13.20
2108	6	79	3	16.60
3179	2	30	3	12.20
2678	3	125	1	17.80
2597	6	79	1	17.50
1512	6	79	3	12.90
2926	5	34	1	17.70
2130	4	139	2	12.60
2443	3	125	2	16.80
2267	3	125	2	15.60
2113	5	34	2	16.30
2473	4	139	3	16.30
1293	3	125	3	18.80
2840	1	10	3	19.70
1684	5	34	3	16.00
2188	5	34	1	19.80
2274	2	30	2	16.90
2835	5	34	1	14.90
1849	6	79	2	18.40
2998	1	10	1	12.30
2119	3	125	2	14.10
1347	6	79	2	19.40
2012	4	139	3	18.90
1266	5	34	1	17.00
3054	2	30	3	19.10
2811	6	79	1	19.90
2332	5	34	3	19.10
2180	4	139	3	19.80
3230	5	34	2	17.30
1414	6	79	2	15.20
2085	1	10	3	11.10
2395	5	34	2	16.50
1720	6	79	3	14.40
1773	1	10	2	15.90
2717	6	79	2	13.10
3189	5	34	3	14.90
1358	4	139	2	13.40
2965	6	79	2	11.90
1304	1	10	3	13.30
2236	3	125	3	14.70
3229	1	10	3	16.10
2089	4	139	3	13.00
2070	1	10	2	16.30
1375	3	125	2	17.70
1381	4	139	3	19.00
2106	6	79	2	17.80
2197	6	79	3	11.60
1476	6	79	1	13.40
1551	5	34	2	15.90
1319	4	139	3	15.40
1511	2	30	2	19.30
2072	1	10	1	13.80
3033	4	139	2	13.20
3235	0	0	0	0.00
2679	1	10	2	11.80
1494	3	125	3	17.60
2209	1	10	3	18.60
2438	3	125	3	13.70
2781	5	34	1	19.10
2625	5	34	3	16.10
2783	4	139	3	14.90
1823	6	79	1	15.80
1383	2	30	3	14.10
3199	5	34	3	12.40
2131	2	30	2	11.30
2375	3	125	2	18.70
1384	6	79	3	18.50
2325	3	125	2	14.60
1866	5	34	3	11.60
1522	2	30	2	17.30
2620	3	125	1	13.60
1449	1	10	3	17.70
3131	2	30	3	13.60
2660	1	10	1	12.00
1565	1	10	2	12.40
2569	1	10	2	13.20
2785	5	34	3	12.00
2644	2	30	1	13.50
2929	3	125	1	19.40
1587	4	139	3	16.20
2474	1	10	2	15.40
1445	2	30	2	15.10
1912	5	34	3	13.40
1344	2	30	2	12.80
2576	5	34	3	14.10
2465	5	34	1	12.00
1595	4	139	3	11.50
2378	1	10	2	13.90
1624	5	34	2	14.90
2272	5	34	3	15.80
1991	2	30	3	18.00
2151	3	125	3	13.90
3193	5	34	2	19.10
3115	1	10	2	17.00
2855	5	34	1	13.70
1825	2	30	1	17.30
2868	1	10	2	18.30
1827	6	79	1	18.40
2262	1	10	3	11.60
2153	4	139	2	11.20
3083	5	34	3	11.80
1325	4	139	1	17.00
1762	4	139	3	15.90
3180	4	139	3	18.10
2545	2	30	1	17.60
1811	3	125	3	16.90
3095	5	34	2	14.40
1840	2	30	2	15.10
2647	2	30	2	13.50
1604	3	125	1	12.70
3160	4	139	3	14.20
1345	4	139	1	13.10
2204	1	10	3	15.30
2573	4	139	2	11.10
1700	5	34	3	17.80
2906	6	79	2	16.60
2932	4	139	2	15.10
2580	3	125	1	12.70
2532	3	125	3	13.50
3225	2	30	1	14.30
3221	3	125	3	12.50
2531	1	10	2	16.10
2828	4	139	1	17.10
2885	1	10	1	17.20
2887	4	139	3	17.40
2586	5	34	2	16.20
2312	3	125	2	13.00
2822	3	125	2	14.60
2509	5	34	1	13.30
2942	3	125	3	13.30
2520	1	10	1	19.60
2450	5	34	2	11.70
2156	5	34	2	14.70
1657	4	139	3	17.80
1601	6	79	3	17.80
1307	1	10	1	11.90
2671	2	30	3	11.40
2774	3	125	2	16.80
2842	3	125	1	11.80
2127	6	79	3	11.10
2461	2	30	2	17.10
1740	5	34	2	18.90
1956	1	10	2	16.20
3155	1	10	1	16.40
1380	6	79	1	13.60
2634	6	79	3	19.30
1372	5	34	3	13.70
2721	4	139	3	13.50
2952	5	34	3	16.50
2261	3	125	2	14.90
1324	6	79	2	17.60
2866	1	10	2	13.20
2497	6	79	3	11.10
2583	3	125	2	18.20
3117	3	125	1	16.60
2126	6	79	1	15.60
2757	6	79	3	14.60
1870	1	10	1	14.40
2493	1	10	2	11.60
3019	3	125	1	16.20
2815	3	125	3	12.30
1561	6	79	1	16.60
1860	2	30	2	16.00
2199	4	139	2	19.00
2606	1	10	3	12.00
2753	6	79	1	13.90
1653	1	10	1	13.70
2008	6	79	3	17.00
1779	5	34	3	15.30
2615	1	10	2	14.50
2496	4	139	3	19.60
2498	6	79	3	19.00
1691	6	79	1	14.00
2629	4	139	3	13.70
2059	6	79	1	17.20
1575	6	79	1	11.80
1370	4	139	1	12.20
2435	3	125	3	16.70
1373	6	79	2	18.30
2437	6	79	2	12.40
2726	6	79	2	13.70
2779	5	34	2	11.50
1628	2	30	3	18.00
1837	6	79	2	18.50
1705	5	34	2	15.90
2358	3	125	1	17.30
2242	1	10	1	13.30
2736	6	79	3	17.20
1458	5	34	1	16.60
3042	6	79	2	19.60
1936	3	125	2	12.60
2825	4	139	1	11.70
2155	6	79	2	17.30
2603	4	139	3	18.50
2561	4	139	2	15.10
2134	2	30	3	17.20
3077	1	10	2	11.80
2366	1	10	1	11.30
1883	2	30	3	19.40
1974	1	10	3	15.50
2560	2	30	3	19.80
2991	4	139	3	11.40
2913	4	139	3	11.90
3056	5	34	2	15.00
1671	2	30	1	15.60
3106	6	79	2	11.90
2464	1	10	2	14.10
1410	4	139	3	17.50
2321	2	30	2	14.10
2896	1	10	2	12.00
2282	6	79	3	13.70
3142	5	34	2	15.30
2268	4	139	3	19.70
1944	4	139	1	12.40
1428	2	30	2	13.50
2856	1	10	1	15.20
2792	1	10	3	12.30
2850	3	125	1	17.20
1312	5	34	1	14.60
1904	4	139	3	14.90
2680	4	139	3	13.70
1714	5	34	2	13.90
1322	3	125	3	13.90
1808	5	34	1	18.10
1393	4	139	1	11.70
2534	3	125	3	13.10
2379	2	30	3	16.60
2798	5	34	3	19.30
2529	2	30	1	17.60
1433	5	34	1	11.50
1668	2	30	3	19.10
3050	3	125	1	11.30
2388	6	79	3	15.70
2250	5	34	1	19.70
1828	2	30	2	18.50
2026	1	10	1	17.10
2439	4	139	2	14.90
3149	5	34	1	14.40
2112	1	10	2	16.60
3208	3	125	1	17.00
2894	5	34	1	14.80
2408	1	10	1	15.10
2179	6	79	3	17.70
1250	1	10	1	13.60
1757	2	30	2	18.30
1673	3	125	1	17.50
1764	6	79	1	18.80
1326	1	10	1	17.00
2725	4	139	2	18.70
1343	6	79	2	14.10
1843	5	34	2	19.20
3125	2	30	2	11.90
1573	1	10	1	16.00
1557	3	125	1	12.30
3123	2	30	2	14.90
2788	5	34	2	15.30
1321	1	10	3	12.60
2898	5	34	2	11.30
2944	2	30	1	11.00
3198	1	10	2	18.30
2190	6	79	1	11.20
2708	6	79	2	15.00
1589	3	125	1	13.40
3110	1	10	1	17.80
2961	1	10	3	12.10
2738	5	34	2	11.10
3102	3	125	3	11.90
2911	4	139	1	12.60
1670	3	125	2	17.00
2654	3	125	2	15.90
1794	4	139	1	17.10
2658	4	139	2	18.70
1797	1	10	1	17.40
2422	6	79	3	17.80
3058	4	139	3	17.10
2337	3	125	3	13.10
2230	3	125	2	13.70
2742	5	34	1	12.40
1661	2	30	1	14.60
1804	6	79	2	20.00
2044	3	125	1	16.70
2801	4	139	1	16.00
1563	2	30	2	16.60
2994	3	125	3	15.70
2208	3	125	2	14.40
1945	5	34	3	12.60
2956	2	30	1	12.60
2124	6	79	1	15.60
3151	3	125	1	14.30
1525	6	79	2	19.30
1506	2	30	1	11.30
3122	5	34	1	16.60
1652	3	125	2	14.70
1431	5	34	1	16.00
1269	5	34	2	18.00
2409	4	139	1	14.10
1491	2	30	2	18.30
1901	1	10	3	14.20
1490	2	30	1	14.40
2481	2	30	3	19.20
1424	6	79	2	13.90
1405	5	34	1	18.20
3205	5	34	2	11.40
2046	1	10	1	19.30
2052	4	139	2	17.80
2834	2	30	3	18.90
1790	2	30	3	16.10
1311	6	79	1	17.40
1359	6	79	1	12.30
1520	2	30	3	12.80
1537	5	34	3	11.40
2043	2	30	2	19.40
3103	6	79	1	16.90
2440	3	125	2	19.50
2061	2	30	1	18.00
1929	4	139	1	18.20
2818	4	139	1	16.30
2030	1	10	2	13.60
2049	3	125	1	13.70
1406	5	34	2	12.70
2917	4	139	2	19.20
2639	3	125	1	15.70
2992	2	30	3	17.40
2821	5	34	3	11.20
2380	4	139	1	14.70
1617	5	34	3	18.10
1367	4	139	2	16.20
1637	6	79	1	12.30
2802	5	34	3	15.60
1786	5	34	1	16.60
1955	1	10	3	19.70
2922	4	139	2	13.30
2995	5	34	1	16.30
2122	1	10	3	13.70
2184	4	139	2	17.20
2145	2	30	1	18.10
1953	4	139	1	12.40
2478	3	125	3	13.10
1771	6	79	1	11.90
2410	6	79	3	19.10
2040	6	79	3	18.30
1440	5	34	2	19.30
1599	3	125	1	13.00
3012	1	10	3	19.60
3018	2	30	3	16.80
1996	1	10	1	16.40
2990	5	34	2	18.90
3037	6	79	2	19.80
1918	5	34	2	16.10
2659	3	125	2	15.80
1694	4	139	2	16.70
1992	6	79	3	16.70
2416	3	125	3	16.20
2846	3	125	1	16.90
3164	6	79	1	16.90
2613	5	34	3	14.50
2249	3	125	3	13.40
3204	5	34	2	18.30
3114	6	79	3	15.40
3112	4	139	1	17.70
1302	2	30	2	17.60
2666	4	139	2	16.80
3206	6	79	2	18.00
2466	2	30	1	11.30
2219	6	79	1	14.10
2572	6	79	2	14.90
2743	4	139	3	17.40
2048	5	34	3	18.20
2747	1	10	2	15.70
2751	3	125	3	12.50
2245	4	139	2	17.90
3152	5	34	2	19.40
2424	3	125	1	15.10
1954	1	10	1	18.10
2361	5	34	2	13.70
3162	5	34	2	11.50
3069	6	79	3	14.00
2635	4	139	1	17.10
2096	4	139	2	16.40
2406	4	139	3	16.20
1608	1	10	1	14.30
1839	2	30	1	13.00
1313	1	10	2	11.60
2216	3	125	2	19.60
2041	6	79	2	18.90
2871	3	125	1	13.70
1348	4	139	3	18.30
2703	4	139	3	16.40
1780	3	125	3	12.10
2076	5	34	3	11.60
2892	5	34	1	16.20
2097	3	125	1	14.40
3041	3	125	2	13.20
1730	2	30	1	15.90
2652	5	34	1	14.00
2732	1	10	1	17.00
1925	3	125	2	17.60
1446	5	34	3	17.70
1376	4	139	2	19.70
1805	1	10	1	18.70
1591	6	79	2	14.00
2194	4	139	3	12.20
2428	5	34	1	18.60
3040	5	34	1	16.90
2305	1	10	3	18.80
2945	6	79	3	19.90
1724	5	34	1	15.30
1550	3	125	2	12.00
1683	3	125	3	16.20
2296	4	139	3	19.60
3216	5	34	3	12.70
1291	4	139	1	19.80
2317	5	34	3	16.60
2251	2	30	2	19.60
1294	2	30	3	16.30
1360	2	30	2	14.40
3133	2	30	3	13.70
2993	5	34	1	15.20
3028	4	139	2	15.10
1337	1	10	3	18.20
2860	1	10	2	12.20
2621	1	10	1	12.50
1510	5	34	3	16.20
1536	4	139	3	11.60
2690	1	10	3	17.30
2277	1	10	2	11.60
2524	2	30	3	19.50
1535	3	125	2	15.20
2221	4	139	2	17.60
2181	6	79	3	19.10
2688	3	125	3	18.20
1841	6	79	3	14.20
2946	2	30	3	19.90
2020	1	10	2	12.80
1422	3	125	2	18.50
1932	4	139	1	16.50
3211	5	34	2	18.90
1566	2	30	3	11.90
2433	2	30	3	12.80
2457	4	139	2	17.00
2167	5	34	3	18.70
1739	4	139	2	16.60
3158	5	34	1	17.50
2612	5	34	2	12.90
1502	5	34	2	12.20
1857	2	30	3	18.50
2653	4	139	2	12.80
2780	2	30	3	11.50
2876	4	139	3	15.60
2037	3	125	3	14.90
2033	3	125	1	19.10
1905	6	79	1	16.70
2727	2	30	2	13.30
2035	5	34	3	17.50
3124	2	30	1	18.20
1727	1	10	2	16.00
2962	4	139	3	12.80
1350	5	34	1	15.90
1444	2	30	2	15.50
2723	4	139	2	11.10
2552	2	30	2	18.20
1475	5	34	2	13.90
1626	6	79	2	16.40
1831	6	79	3	14.30
2765	5	34	2	12.80
1990	4	139	1	13.10
2512	1	10	3	17.90
2430	1	10	2	19.30
2310	2	30	1	19.70
2511	5	34	1	11.80
1696	4	139	2	17.00
2172	1	10	3	13.10
2607	4	139	1	18.40
2873	6	79	2	15.90
1983	6	79	2	11.80
2286	1	10	2	17.70
3134	5	34	3	14.20
2215	4	139	1	12.90
1895	6	79	2	11.20
1607	2	30	3	16.50
2220	6	79	1	16.80
2574	3	125	2	11.60
2235	5	34	1	12.50
2968	4	139	3	15.50
1301	1	10	1	17.90
1795	5	34	3	18.40
1744	2	30	1	16.60
2254	1	10	3	14.00
1636	4	139	1	16.30
2374	2	30	2	11.10
1495	2	30	2	19.90
1821	2	30	2	17.40
2668	1	10	2	17.20
3093	3	125	3	19.80
2372	4	139	2	16.90
2963	2	30	1	19.70
2550	5	34	3	19.60
2755	3	125	1	19.90
2786	6	79	1	14.00
3078	3	125	3	17.40
1809	5	34	2	13.50
2568	4	139	2	12.20
1650	3	125	2	11.10
2657	1	10	1	17.40
2069	3	125	3	11.80
2854	6	79	3	11.80
2633	4	139	1	19.10
2628	2	30	1	13.70
1891	2	30	1	16.00
2056	1	10	3	14.50
2689	4	139	3	15.40
2413	3	125	2	16.80
1454	3	125	1	13.20
2610	1	10	1	16.50
1664	6	79	3	19.70
1633	6	79	3	12.50
1310	5	34	1	19.60
1980	1	10	3	14.70
3210	4	139	2	14.50
2393	5	34	1	12.50
3092	4	139	2	19.20
1921	4	139	3	16.90
1238	2	30	2	16.90
2276	4	139	1	15.90
2515	4	139	2	19.00
3141	2	30	2	19.20
2241	6	79	3	18.90
1487	3	125	1	17.30
1949	2	30	3	15.00
2928	4	139	3	15.40
1788	5	34	2	14.30
2307	4	139	3	11.20
1546	6	79	1	13.60
1791	1	10	3	19.50
1701	3	125	2	19.60
1623	5	34	2	15.10
2192	1	10	1	15.90
1472	1	10	3	19.50
2567	2	30	3	19.40
2571	6	79	3	16.90
2578	1	10	3	18.00
2914	3	125	1	11.40
1961	1	10	3	18.90
2335	1	10	2	19.40
3057	5	34	3	17.20
2309	3	125	1	15.60
1689	2	30	1	17.40
1785	4	139	1	16.70
2247	2	30	1	11.40
1489	6	79	2	15.20
2322	4	139	2	15.60
1329	3	125	2	15.60
2147	6	79	1	16.40
1844	5	34	1	17.90
3167	1	10	2	14.30
1396	6	79	3	12.90
1775	3	125	1	14.90
2951	2	30	1	18.90
2014	3	125	3	13.70
1660	2	30	2	14.90
1924	4	139	1	15.70
2302	5	34	3	16.50
2417	1	10	3	17.20
1938	4	139	1	16.00
2480	4	139	2	13.30
2862	4	139	2	14.30
2489	1	10	3	19.10
2060	3	125	2	16.60
2764	3	125	3	13.80
2135	4	139	2	11.60
2431	2	30	1	16.90
1898	6	79	3	17.20
2650	3	125	3	14.00
1651	3	125	1	15.40
1648	3	125	3	13.60
1926	6	79	3	16.50
3088	4	139	3	16.70
2160	3	125	2	12.80
2403	1	10	3	17.10
1867	6	79	1	11.70
1377	6	79	1	14.80
3126	6	79	3	13.60
2170	3	125	1	16.30
2877	2	30	2	19.90
1826	4	139	3	19.20
1900	5	34	2	16.30
2306	5	34	3	11.30
1480	1	10	1	17.50
1928	6	79	1	16.30
2345	6	79	1	13.50
1580	6	79	1	18.70
2849	3	125	1	12.00
1438	6	79	1	12.60
3130	6	79	3	14.40
2087	4	139	1	19.00
3076	1	10	1	13.20
2895	6	79	1	19.90
2468	5	34	2	18.20
2451	4	139	3	14.00
2015	4	139	3	18.30
1752	1	10	1	16.20
2022	3	125	1	17.00
1443	4	139	1	16.40
2148	1	10	3	13.20
2084	4	139	1	16.30
1509	2	30	2	19.40
1412	1	10	3	11.40
1803	6	79	2	13.00
3038	2	30	2	14.90
1403	4	139	3	11.70
2471	2	30	1	14.40
2646	2	30	3	11.60
2328	6	79	3	16.40
2404	6	79	2	18.90
1699	1	10	1	18.40
2796	2	30	2	18.50
1303	1	10	1	19.80
2938	3	125	3	12.50
2655	1	10	1	19.50
1469	2	30	1	14.80
1270	4	139	1	15.60
1533	5	34	3	14.40
1436	5	34	2	18.80
3074	3	125	3	15.20
2888	5	34	1	13.20
1399	3	125	2	14.90
1695	2	30	1	18.90
1323	2	30	1	15.00
1258	3	125	1	14.70
1466	3	125	1	19.70
2602	1	10	3	11.90
2233	3	125	1	18.40
1356	2	30	2	15.70
3091	3	125	3	16.20
2814	6	79	2	19.50
1824	2	30	3	18.00
2444	6	79	3	11.20
1407	5	34	3	14.50
2934	4	139	3	14.90
2776	3	125	3	12.60
1882	4	139	2	12.70
2137	3	125	1	14.70
2203	6	79	1	14.50
2255	1	10	3	18.80
2803	3	125	3	20.00
1902	5	34	2	17.40
1483	1	10	3	13.10
1582	3	125	2	17.10
3233	4	139	1	15.70
3188	2	30	1	16.50
2831	5	34	3	19.80
2367	6	79	3	11.70
2833	2	30	1	11.60
3177	6	79	1	11.50
1697	6	79	1	15.10
3052	1	10	3	13.00
1419	3	125	1	11.90
1534	2	30	3	16.40
2117	2	30	1	11.10
1916	6	79	3	18.10
2575	1	10	1	17.80
2025	6	79	3	13.50
2402	4	139	3	11.60
2558	5	34	1	19.60
2582	1	10	2	12.80
2260	1	10	1	12.30
1481	2	30	3	15.30
1541	5	34	1	17.40
2699	5	34	3	17.10
1708	6	79	2	18.80
2787	1	10	3	16.20
1255	1	10	3	16.50
2719	4	139	2	13.50
2931	5	34	1	17.50
1964	4	139	3	11.20
1385	4	139	3	13.90
1613	4	139	3	17.20
2593	5	34	2	11.70
2469	1	10	2	11.60
3060	6	79	2	15.50
2038	4	139	1	12.70
2458	4	139	3	14.40
1564	5	34	1	15.80
1712	4	139	1	18.90
2521	4	139	3	14.70
2517	5	34	1	18.70
1429	2	30	1	14.90
1717	3	125	1	13.70
1387	2	30	2	16.00
1363	1	10	1	14.10
2677	3	125	2	11.10
2075	3	125	1	15.90
3196	6	79	2	18.20
3044	6	79	3	14.70
2067	1	10	1	14.20
2495	3	125	3	11.80
3049	4	139	1	17.30
1504	6	79	2	11.10
2829	3	125	3	19.30
2492	2	30	1	16.20
1501	6	79	1	16.50
1732	6	79	1	17.70
2001	3	125	2	14.40
3079	5	34	1	12.60
2291	4	139	3	19.50
2000	3	125	2	15.30
1437	4	139	2	17.70
2485	6	79	3	15.20
1997	1	10	1	14.20
1272	4	139	3	14.10
2670	3	125	2	15.20
1872	6	79	3	11.10
1654	5	34	3	13.70
2782	4	139	2	13.60
2940	5	34	3	17.70
2121	6	79	1	11.40
1917	1	10	2	18.20
2710	2	30	1	18.30
3030	6	79	1	11.10
2023	3	125	3	18.60
2159	1	10	3	13.50
2098	2	30	2	19.70
2817	2	30	2	15.90
1351	5	34	3	17.70
1713	5	34	1	19.70
2174	6	79	3	18.80
2916	2	30	2	18.20
2314	3	125	3	19.60
2674	1	10	1	12.10
2376	3	125	3	19.50
3195	1	10	2	11.90
3186	6	79	3	14.50
1946	5	34	1	19.50
3159	5	34	1	13.60
3181	2	30	3	11.30
1892	3	125	2	19.00
1942	5	34	1	14.40
2445	2	30	2	12.00
2446	5	34	3	18.40
1459	4	139	2	11.10
1296	3	125	3	15.40
2870	1	10	3	17.10
1777	4	139	3	14.60
1778	1	10	2	18.10
2389	6	79	3	19.00
2770	4	139	2	11.10
2391	6	79	1	19.80
1516	1	10	3	15.50
1240	6	79	3	14.20
3035	5	34	3	12.20
1553	4	139	2	19.80
2207	4	139	3	14.20
1415	2	30	1	15.80
2537	1	10	1	19.50
1390	5	34	1	19.90
2577	5	34	1	19.60
2196	2	30	3	17.60
1723	2	30	1	11.10
3154	1	10	2	11.60
1977	4	139	3	11.20
1618	2	30	1	20.00
2463	3	125	3	17.20
2111	4	139	3	20.00
1792	2	30	1	11.90
1505	1	10	2	11.20
1806	3	125	2	15.20
1976	6	79	3	18.60
2759	1	10	1	18.20
2419	2	30	3	18.00
2263	1	10	3	11.70
1366	6	79	2	13.00
1622	3	125	3	17.90
2853	2	30	1	18.90
2533	6	79	2	12.30
1544	4	139	3	13.60
1970	5	34	2	18.10
2713	5	34	1	14.70
1556	6	79	1	13.30
3064	1	10	3	19.80
2269	6	79	2	13.10
1940	5	34	3	13.70
2941	2	30	2	12.10
1677	4	139	1	19.10
2733	6	79	3	19.50
1629	4	139	3	18.90
2346	6	79	3	17.50
2133	5	34	3	13.90
2616	1	10	3	14.30
2886	1	10	2	13.70
1237	2	30	2	13.10
2039	2	30	2	18.00
3150	2	30	3	18.90
1749	1	10	2	14.20
2394	6	79	1	11.40
1972	1	10	2	11.60
1896	4	139	1	14.60
1890	6	79	1	18.80
1889	2	30	3	12.90
2382	4	139	3	18.10
1879	4	139	3	13.50
2318	5	34	3	19.40
2467	5	34	2	16.70
2973	4	139	2	11.90
1499	1	10	2	16.40
2591	1	10	2	17.90
2889	6	79	2	17.60
1781	6	79	3	16.70
3165	4	139	1	18.80
2878	5	34	2	13.80
2867	1	10	3	11.10
1767	4	139	3	19.70
2369	2	30	2	18.90
1758	1	10	1	16.10
1579	3	125	1	13.00
2665	6	79	3	13.80
2824	4	139	3	11.40
2694	3	125	3	20.00
1614	4	139	2	17.20
2157	1	10	1	17.80
2351	4	139	1	12.80
1249	1	10	1	12.60
2756	1	10	3	15.00
2562	3	125	2	16.10
3143	5	34	2	16.30
1236	2	30	3	11.70
2365	3	125	3	17.20
1782	6	79	1	15.30
1379	6	79	3	12.20
1854	1	10	1	18.70
1378	4	139	3	18.30
2594	1	10	2	14.50
1680	1	10	2	17.80
3176	1	10	1	11.50
1769	5	34	2	19.60
3051	6	79	3	12.30
3043	2	30	2	18.00
2661	2	30	3	15.50
3224	2	30	1	13.90
3036	3	125	1	18.80
1479	4	139	2	16.20
2682	6	79	1	16.60
1688	3	125	3	13.90
1245	5	34	3	15.50
2714	1	10	3	14.50
3017	4	139	2	15.40
1603	5	34	2	11.10
1710	5	34	2	15.40
2695	3	125	3	16.00
1981	5	34	1	15.40
1549	5	34	2	20.00
1886	1	10	2	18.50
2810	1	10	3	17.60
2324	2	30	2	17.80
2102	1	10	1	14.20
1612	2	30	3	13.20
3215	5	34	2	18.50
2987	4	139	2	14.40
3029	2	30	1	12.60
2186	2	30	3	13.10
2311	3	125	3	15.60
1913	5	34	1	17.30
2074	4	139	1	19.60
1597	2	30	2	17.30
3039	1	10	2	16.70
1577	1	10	1	12.50
1993	5	34	2	18.60
1682	4	139	1	16.80
3059	5	34	3	17.00
1300	1	10	1	11.40
2228	5	34	3	18.60
1943	5	34	1	12.10
1630	4	139	1	16.70
1635	2	30	2	19.00
2244	5	34	1	18.30
1640	1	10	1	16.20
2999	6	79	2	18.20
2912	1	10	3	14.30
2258	5	34	1	14.20
2919	6	79	3	11.90
1846	3	125	2	14.20
2685	3	125	2	11.00
2018	2	30	3	15.90
2017	2	30	3	16.60
2880	6	79	2	11.50
3063	2	30	3	15.10
1877	1	10	2	17.20
2805	4	139	1	16.00
1687	3	125	3	18.30
1816	2	30	2	15.70
2637	3	125	1	18.60
1754	3	125	3	11.20
2964	4	139	3	19.70
2981	6	79	2	13.70
2549	5	34	2	12.40
1865	1	10	2	14.30
1421	3	125	2	11.70
1243	5	34	3	16.40
2257	4	139	2	16.10
2284	6	79	3	12.50
3157	3	125	3	15.30
2348	3	125	1	15.80
2185	1	10	2	19.40
1242	4	139	3	17.40
1486	3	125	3	12.10
1853	3	125	3	12.30
1562	6	79	3	18.90
2598	3	125	1	12.50
2883	5	34	3	14.30
1862	1	10	2	12.90
1655	4	139	3	17.70
2897	3	125	3	11.20
1984	5	34	2	15.40
2285	4	139	1	16.80
2985	2	30	3	13.00
2011	1	10	3	14.90
1848	4	139	2	12.40
2164	2	30	2	12.50
2329	1	10	1	11.40
3086	6	79	3	19.40
1774	5	34	3	14.20
2299	5	34	2	18.00
2045	6	79	3	14.70
2617	1	10	3	11.90
3228	5	34	3	17.80
1756	4	139	2	13.10
1911	3	125	2	14.40
2265	4	139	3	13.60
1875	4	139	2	17.20
1600	2	30	2	11.20
1281	5	34	3	11.40
1521	1	10	2	19.40
2656	3	125	2	13.90
1702	2	30	3	13.10
2504	6	79	2	13.90
1588	6	79	1	17.20
2797	5	34	3	14.80
1239	4	139	3	12.30
2672	4	139	1	12.50
1737	6	79	1	11.90
1675	6	79	3	18.90
2874	5	34	1	13.60
2042	1	10	2	13.10
2879	6	79	1	14.40
2823	2	30	3	18.00
2315	5	34	3	17.90
1308	3	125	3	12.60
2354	2	30	3	12.00
2010	6	79	3	14.50
2813	1	10	2	16.70
2693	2	30	3	19.60
2925	3	125	2	11.60
2540	4	139	1	19.50
1523	6	79	2	17.40
2432	3	125	3	17.00
2525	1	10	2	13.30
2947	5	34	3	12.00
1830	2	30	2	19.20
1979	3	125	2	13.30
2426	6	79	1	11.60
2718	5	34	2	15.20
2027	2	30	3	13.30
2454	1	10	1	13.20
1884	1	10	1	17.00
2152	5	34	2	19.30
1718	3	125	3	19.60
1598	2	30	1	16.00
1962	4	139	2	15.60
2669	3	125	3	15.50
2383	2	30	2	16.60
2073	5	34	2	13.20
2863	5	34	1	11.90
2966	3	125	1	15.30
2225	5	34	3	12.10
2231	1	10	1	14.30
2289	3	125	3	15.70
2766	6	79	1	13.20
2589	1	10	1	13.40
3105	4	139	2	15.30
2362	4	139	3	17.60
3236	1	52	1	16.38
