AM-25-TY 2024 1 15 8 30 1G16
AA-32-CC 2024 1 15 8 30 1A11
KJ-54-DF 2024 1 15 8 30 1B18
UT-73-09 2024 1 15 8 30 2A15
IT-PA-09 2024 1 15 8 30 2B16
PU-55-YC 2024 1 15 8 30 2F19
0T-4R-10 2024 1 15 8 30 3G18
UT-93-RT 2024 1 15 8 30 3F10
50-DV-ND 2024 1 15 8 30 1J11
P5-F3-24 2024 1 15 8 30 2H12
NS-04-23 2024 1 15 8 30 3B13
LK-JY-75 2024 1 15 8 30 1C16
12-12-55 2013 11 11 9 15 3E8
AA-BB-DF 2000 10 15 8 8 3A6
AI-UI-EI 2000 10 10 15 34 1A4
AA-AA-AD 2000 10 10 15 34 3D7
AA-AA-AB 2000 10 10 10 30 1D9
